# evidence/a0-70-title-entrance/frames/after/exact-gated
frame                          ink px     ink box (x,y,w,h)        centre        offset from viewport centre
f009-00320ms.png                   0  (background only)
f010-00667ms.png              328125  (    0,   0, 1707, 888)  (  853.0, 443.5)  dx=     0.0  dy=   -5.0
f011-00749ms.png              328125  (    0,   0, 1707, 888)  (  853.0, 443.5)  dx=     0.0  dy=   -5.0
f012-00808ms.png              328125  (    0,   0, 1707, 888)  (  853.0, 443.5)  dx=     0.0  dy=   -5.0
f013-00862ms.png              328125  (    0,   0, 1707, 888)  (  853.0, 443.5)  dx=     0.0  dy=   -5.0
f014-00917ms.png              328125  (    0,   0, 1707, 888)  (  853.0, 443.5)  dx=     0.0  dy=   -5.0
f015-00972ms.png              328125  (    0,   0, 1707, 888)  (  853.0, 443.5)  dx=     0.0  dy=   -5.0
f016-01028ms.png              328125  (    0,   0, 1707, 888)  (  853.0, 443.5)  dx=     0.0  dy=   -5.0
f017-01088ms.png              328125  (    0,   0, 1707, 888)  (  853.0, 443.5)  dx=     0.0  dy=   -5.0
f018-01156ms.png              328125  (    0,   0, 1707, 888)  (  853.0, 443.5)  dx=     0.0  dy=   -5.0
f019-01217ms.png              328125  (    0,   0, 1707, 888)  (  853.0, 443.5)  dx=     0.0  dy=   -5.0
f020-01273ms.png              328125  (    0,   0, 1707, 888)  (  853.0, 443.5)  dx=     0.0  dy=   -5.0
f021-01328ms.png              328125  (    0,   0, 1707, 888)  (  853.0, 443.5)  dx=     0.0  dy=   -5.0
f022-01386ms.png              328125  (    0,   0, 1707, 888)  (  853.0, 443.5)  dx=     0.0  dy=   -5.0
f023-01441ms.png              328125  (    0,   0, 1707, 888)  (  853.0, 443.5)  dx=     0.0  dy=   -5.0
f024-01499ms.png              328125  (    0,   0, 1707, 888)  (  853.0, 443.5)  dx=     0.0  dy=   -5.0
f025-01555ms.png              328125  (    0,   0, 1707, 888)  (  853.0, 443.5)  dx=     0.0  dy=   -5.0
f026-01608ms.png              328125  (    0,   0, 1707, 888)  (  853.0, 443.5)  dx=     0.0  dy=   -5.0
f027-01666ms.png              328125  (    0,   0, 1707, 888)  (  853.0, 443.5)  dx=     0.0  dy=   -5.0
f028-01722ms.png              328125  (    0,   0, 1707, 888)  (  853.0, 443.5)  dx=     0.0  dy=   -5.0
f029-01777ms.png              328125  (    0,   0, 1707, 888)  (  853.0, 443.5)  dx=     0.0  dy=   -5.0
f030-01841ms.png              328125  (    0,   0, 1707, 888)  (  853.0, 443.5)  dx=     0.0  dy=   -5.0
f031-01895ms.png              328125  (    0,   0, 1707, 888)  (  853.0, 443.5)  dx=     0.0  dy=   -5.0
f032-01952ms.png              328125  (    0,   0, 1707, 888)  (  853.0, 443.5)  dx=     0.0  dy=   -5.0
f033-02010ms.png              328125  (    0,   0, 1707, 888)  (  853.0, 443.5)  dx=     0.0  dy=   -5.0
f034-02068ms.png              328125  (    0,   0, 1707, 888)  (  853.0, 443.5)  dx=     0.0  dy=   -5.0
f035-02123ms.png              328125  (    0,   0, 1707, 888)  (  853.0, 443.5)  dx=     0.0  dy=   -5.0
f036-02179ms.png              328125  (    0,   0, 1707, 888)  (  853.0, 443.5)  dx=     0.0  dy=   -5.0
f037-02238ms.png              328125  (    0,   0, 1707, 888)  (  853.0, 443.5)  dx=     0.0  dy=   -5.0
f038-02297ms.png              328125  (    0,   0, 1707, 888)  (  853.0, 443.5)  dx=     0.0  dy=   -5.0
f039-02354ms.png              328125  (    0,   0, 1707, 888)  (  853.0, 443.5)  dx=     0.0  dy=   -5.0
f040-02411ms.png              328125  (    0,   0, 1707, 888)  (  853.0, 443.5)  dx=     0.0  dy=   -5.0
f041-02469ms.png              328125  (    0,   0, 1707, 888)  (  853.0, 443.5)  dx=     0.0  dy=   -5.0
f042-02525ms.png              328125  (    0,   0, 1707, 888)  (  853.0, 443.5)  dx=     0.0  dy=   -5.0
f043-02583ms.png              328125  (    0,   0, 1707, 888)  (  853.0, 443.5)  dx=     0.0  dy=   -5.0
f044-02637ms.png              328125  (    0,   0, 1707, 888)  (  853.0, 443.5)  dx=     0.0  dy=   -5.0
f045-02692ms.png              328125  (    0,   0, 1707, 888)  (  853.0, 443.5)  dx=     0.0  dy=   -5.0
f046-02745ms.png              328125  (    0,   0, 1707, 888)  (  853.0, 443.5)  dx=     0.0  dy=   -5.0
f047-02802ms.png              328125  (    0,   0, 1707, 888)  (  853.0, 443.5)  dx=     0.0  dy=   -5.0
f048-02854ms.png              328125  (    0,   0, 1707, 888)  (  853.0, 443.5)  dx=     0.0  dy=   -5.0
f049-02909ms.png              328125  (    0,   0, 1707, 888)  (  853.0, 443.5)  dx=     0.0  dy=   -5.0
f050-02967ms.png              328125  (    0,   0, 1707, 888)  (  853.0, 443.5)  dx=     0.0  dy=   -5.0
f051-03021ms.png              328125  (    0,   0, 1707, 888)  (  853.0, 443.5)  dx=     0.0  dy=   -5.0
f052-03080ms.png              328125  (    0,   0, 1707, 888)  (  853.0, 443.5)  dx=     0.0  dy=   -5.0
f053-03136ms.png              328125  (    0,   0, 1707, 888)  (  853.0, 443.5)  dx=     0.0  dy=   -5.0
f054-03192ms.png              328125  (    0,   0, 1707, 888)  (  853.0, 443.5)  dx=     0.0  dy=   -5.0
f055-03248ms.png              328125  (    0,   0, 1707, 888)  (  853.0, 443.5)  dx=     0.0  dy=   -5.0
f056-03306ms.png              328125  (    0,   0, 1707, 888)  (  853.0, 443.5)  dx=     0.0  dy=   -5.0
f057-03367ms.png              328125  (    0,   0, 1707, 888)  (  853.0, 443.5)  dx=     0.0  dy=   -5.0
f058-03425ms.png              328125  (    0,   0, 1707, 888)  (  853.0, 443.5)  dx=     0.0  dy=   -5.0
f059-03488ms.png              328125  (    0,   0, 1707, 888)  (  853.0, 443.5)  dx=     0.0  dy=   -5.0
f060-03546ms.png              328125  (    0,   0, 1707, 888)  (  853.0, 443.5)  dx=     0.0  dy=   -5.0
f061-03604ms.png              328125  (    0,   0, 1707, 888)  (  853.0, 443.5)  dx=     0.0  dy=   -5.0
f062-03663ms.png              328125  (    0,   0, 1707, 888)  (  853.0, 443.5)  dx=     0.0  dy=   -5.0
f063-03719ms.png              328125  (    0,   0, 1707, 888)  (  853.0, 443.5)  dx=     0.0  dy=   -5.0
f064-03774ms.png              328125  (    0,   0, 1707, 888)  (  853.0, 443.5)  dx=     0.0  dy=   -5.0
f065-03835ms.png              328125  (    0,   0, 1707, 888)  (  853.0, 443.5)  dx=     0.0  dy=   -5.0
f066-03889ms.png              328125  (    0,   0, 1707, 888)  (  853.0, 443.5)  dx=     0.0  dy=   -5.0
f067-03948ms.png              328125  (    0,   0, 1707, 888)  (  853.0, 443.5)  dx=     0.0  dy=   -5.0
f068-04003ms.png              328125  (    0,   0, 1707, 888)  (  853.0, 443.5)  dx=     0.0  dy=   -5.0
f069-04060ms.png              328125  (    0,   0, 1707, 888)  (  853.0, 443.5)  dx=     0.0  dy=   -5.0
f070-04118ms.png              328125  (    0,   0, 1707, 888)  (  853.0, 443.5)  dx=     0.0  dy=   -5.0
f071-04176ms.png              328125  (    0,   0, 1707, 888)  (  853.0, 443.5)  dx=     0.0  dy=   -5.0
f072-04234ms.png              328125  (    0,   0, 1707, 888)  (  853.0, 443.5)  dx=     0.0  dy=   -5.0
f073-04288ms.png              328125  (    0,   0, 1707, 888)  (  853.0, 443.5)  dx=     0.0  dy=   -5.0
f074-04342ms.png              328125  (    0,   0, 1707, 888)  (  853.0, 443.5)  dx=     0.0  dy=   -5.0
f075-04398ms.png              328125  (    0,   0, 1707, 888)  (  853.0, 443.5)  dx=     0.0  dy=   -5.0
f076-04457ms.png              328125  (    0,   0, 1707, 888)  (  853.0, 443.5)  dx=     0.0  dy=   -5.0
f077-04515ms.png              328125  (    0,   0, 1707, 888)  (  853.0, 443.5)  dx=     0.0  dy=   -5.0
f078-04572ms.png              328125  (    0,   0, 1707, 888)  (  853.0, 443.5)  dx=     0.0  dy=   -5.0
f079-04627ms.png              328125  (    0,   0, 1707, 888)  (  853.0, 443.5)  dx=     0.0  dy=   -5.0
f080-04683ms.png              328125  (    0,   0, 1707, 888)  (  853.0, 443.5)  dx=     0.0  dy=   -5.0
f081-04736ms.png              328125  (    0,   0, 1707, 888)  (  853.0, 443.5)  dx=     0.0  dy=   -5.0
f082-04790ms.png              328125  (    0,   0, 1707, 888)  (  853.0, 443.5)  dx=     0.0  dy=   -5.0
f083-04849ms.png              328125  (    0,   0, 1707, 888)  (  853.0, 443.5)  dx=     0.0  dy=   -5.0
f084-04907ms.png              328125  (    0,   0, 1707, 888)  (  853.0, 443.5)  dx=     0.0  dy=   -5.0
f085-04967ms.png              328125  (    0,   0, 1707, 888)  (  853.0, 443.5)  dx=     0.0  dy=   -5.0
f086-05025ms.png              328125  (    0,   0, 1707, 888)  (  853.0, 443.5)  dx=     0.0  dy=   -5.0
f087-05081ms.png              328125  (    0,   0, 1707, 888)  (  853.0, 443.5)  dx=     0.0  dy=   -5.0
f088-05139ms.png              328125  (    0,   0, 1707, 888)  (  853.0, 443.5)  dx=     0.0  dy=   -5.0
f089-05193ms.png              328125  (    0,   0, 1707, 888)  (  853.0, 443.5)  dx=     0.0  dy=   -5.0
