# frames/before/exact-dpr15/
frame                          ink px     ink box (x,y,w,h)        centre        offset from viewport centre
f009-00409ms.png                   0  (background only)
f010-01075ms.png              732424  (    0,   0, 2561,1330)  ( 1280.0, 664.5)  dx=     0.0  dy=   -8.5
f011-01225ms.png              732424  (    0,   0, 2561,1330)  ( 1280.0, 664.5)  dx=     0.0  dy=   -8.5
f012-01342ms.png              732424  (    0,   0, 2561,1330)  ( 1280.0, 664.5)  dx=     0.0  dy=   -8.5
f013-01459ms.png              732424  (    0,   0, 2561,1330)  ( 1280.0, 664.5)  dx=     0.0  dy=   -8.5
f014-01578ms.png              732424  (    0,   0, 2561,1330)  ( 1280.0, 664.5)  dx=     0.0  dy=   -8.5
f015-01695ms.png              732424  (    0,   0, 2561,1330)  ( 1280.0, 664.5)  dx=     0.0  dy=   -8.5
f016-01814ms.png              732424  (    0,   0, 2561,1330)  ( 1280.0, 664.5)  dx=     0.0  dy=   -8.5
f017-01928ms.png              732424  (    0,   0, 2561,1330)  ( 1280.0, 664.5)  dx=     0.0  dy=   -8.5
f018-02046ms.png              732424  (    0,   0, 2561,1330)  ( 1280.0, 664.5)  dx=     0.0  dy=   -8.5
f019-02169ms.png              732424  (    0,   0, 2561,1330)  ( 1280.0, 664.5)  dx=     0.0  dy=   -8.5
f020-02299ms.png              732424  (    0,   0, 2561,1330)  ( 1280.0, 664.5)  dx=     0.0  dy=   -8.5
f021-02419ms.png              732424  (    0,   0, 2561,1330)  ( 1280.0, 664.5)  dx=     0.0  dy=   -8.5
f022-02543ms.png              732424  (    0,   0, 2561,1330)  ( 1280.0, 664.5)  dx=     0.0  dy=   -8.5
f023-02667ms.png              732424  (    0,   0, 2561,1330)  ( 1280.0, 664.5)  dx=     0.0  dy=   -8.5
f024-02785ms.png              732424  (    0,   0, 2561,1330)  ( 1280.0, 664.5)  dx=     0.0  dy=   -8.5
f025-02906ms.png              732424  (    0,   0, 2561,1330)  ( 1280.0, 664.5)  dx=     0.0  dy=   -8.5
f026-03027ms.png              732424  (    0,   0, 2561,1330)  ( 1280.0, 664.5)  dx=     0.0  dy=   -8.5
f027-03148ms.png              732424  (    0,   0, 2561,1330)  ( 1280.0, 664.5)  dx=     0.0  dy=   -8.5
f028-03267ms.png              732424  (    0,   0, 2561,1330)  ( 1280.0, 664.5)  dx=     0.0  dy=   -8.5
f029-03382ms.png              732424  (    0,   0, 2561,1330)  ( 1280.0, 664.5)  dx=     0.0  dy=   -8.5
f030-03504ms.png              732424  (    0,   0, 2561,1330)  ( 1280.0, 664.5)  dx=     0.0  dy=   -8.5
f031-03620ms.png              732424  (    0,   0, 2561,1330)  ( 1280.0, 664.5)  dx=     0.0  dy=   -8.5
f032-03737ms.png              732424  (    0,   0, 2561,1330)  ( 1280.0, 664.5)  dx=     0.0  dy=   -8.5
f033-03854ms.png              732424  (    0,   0, 2561,1330)  ( 1280.0, 664.5)  dx=     0.0  dy=   -8.5
f034-03974ms.png              732424  (    0,   0, 2561,1330)  ( 1280.0, 664.5)  dx=     0.0  dy=   -8.5
f035-04088ms.png              732424  (    0,   0, 2561,1330)  ( 1280.0, 664.5)  dx=     0.0  dy=   -8.5
f036-04211ms.png              732424  (    0,   0, 2561,1330)  ( 1280.0, 664.5)  dx=     0.0  dy=   -8.5
f037-04336ms.png              732424  (    0,   0, 2561,1330)  ( 1280.0, 664.5)  dx=     0.0  dy=   -8.5
f038-04454ms.png              732424  (    0,   0, 2561,1330)  ( 1280.0, 664.5)  dx=     0.0  dy=   -8.5
f039-04574ms.png              732424  (    0,   0, 2561,1330)  ( 1280.0, 664.5)  dx=     0.0  dy=   -8.5
f040-04694ms.png              732424  (    0,   0, 2561,1330)  ( 1280.0, 664.5)  dx=     0.0  dy=   -8.5
f041-04814ms.png              732424  (    0,   0, 2561,1330)  ( 1280.0, 664.5)  dx=     0.0  dy=   -8.5
f042-04947ms.png              732424  (    0,   0, 2561,1330)  ( 1280.0, 664.5)  dx=     0.0  dy=   -8.5
f043-05072ms.png              732424  (    0,   0, 2561,1330)  ( 1280.0, 664.5)  dx=     0.0  dy=   -8.5
f044-05190ms.png              732424  (    0,   0, 2561,1330)  ( 1280.0, 664.5)  dx=     0.0  dy=   -8.5
f045-05309ms.png              732424  (    0,   0, 2561,1330)  ( 1280.0, 664.5)  dx=     0.0  dy=   -8.5
f046-05424ms.png              732424  (    0,   0, 2561,1330)  ( 1280.0, 664.5)  dx=     0.0  dy=   -8.5
f047-05542ms.png              732424  (    0,   0, 2561,1330)  ( 1280.0, 664.5)  dx=     0.0  dy=   -8.5
f048-05662ms.png              732424  (    0,   0, 2561,1330)  ( 1280.0, 664.5)  dx=     0.0  dy=   -8.5
f049-05779ms.png              732424  (    0,   0, 2561,1330)  ( 1280.0, 664.5)  dx=     0.0  dy=   -8.5
f050-05900ms.png              732424  (    0,   0, 2561,1330)  ( 1280.0, 664.5)  dx=     0.0  dy=   -8.5
f051-06043ms.png              732424  (    0,   0, 2561,1330)  ( 1280.0, 664.5)  dx=     0.0  dy=   -8.5
f052-06162ms.png              732424  (    0,   0, 2561,1330)  ( 1280.0, 664.5)  dx=     0.0  dy=   -8.5
f053-06282ms.png              732424  (    0,   0, 2561,1330)  ( 1280.0, 664.5)  dx=     0.0  dy=   -8.5
f054-06403ms.png              732424  (    0,   0, 2561,1330)  ( 1280.0, 664.5)  dx=     0.0  dy=   -8.5
f055-06537ms.png              732424  (    0,   0, 2561,1330)  ( 1280.0, 664.5)  dx=     0.0  dy=   -8.5
f056-06665ms.png              732424  (    0,   0, 2561,1330)  ( 1280.0, 664.5)  dx=     0.0  dy=   -8.5
f057-06791ms.png              732424  (    0,   0, 2561,1330)  ( 1280.0, 664.5)  dx=     0.0  dy=   -8.5
f058-06911ms.png              732424  (    0,   0, 2561,1330)  ( 1280.0, 664.5)  dx=     0.0  dy=   -8.5
f059-07036ms.png              732424  (    0,   0, 2561,1330)  ( 1280.0, 664.5)  dx=     0.0  dy=   -8.5
f060-07159ms.png              732424  (    0,   0, 2561,1330)  ( 1280.0, 664.5)  dx=     0.0  dy=   -8.5
f061-07289ms.png              732424  (    0,   0, 2561,1330)  ( 1280.0, 664.5)  dx=     0.0  dy=   -8.5
f062-07407ms.png              732424  (    0,   0, 2561,1330)  ( 1280.0, 664.5)  dx=     0.0  dy=   -8.5
f063-07525ms.png              732424  (    0,   0, 2561,1330)  ( 1280.0, 664.5)  dx=     0.0  dy=   -8.5
f064-07646ms.png              732424  (    0,   0, 2561,1330)  ( 1280.0, 664.5)  dx=     0.0  dy=   -8.5
f065-07763ms.png              732424  (    0,   0, 2561,1330)  ( 1280.0, 664.5)  dx=     0.0  dy=   -8.5
f066-07882ms.png              732424  (    0,   0, 2561,1330)  ( 1280.0, 664.5)  dx=     0.0  dy=   -8.5
f067-08003ms.png              732424  (    0,   0, 2561,1330)  ( 1280.0, 664.5)  dx=     0.0  dy=   -8.5
f068-08122ms.png              732424  (    0,   0, 2561,1330)  ( 1280.0, 664.5)  dx=     0.0  dy=   -8.5
f069-08241ms.png              732424  (    0,   0, 2561,1330)  ( 1280.0, 664.5)  dx=     0.0  dy=   -8.5
f070-08367ms.png              732424  (    0,   0, 2561,1330)  ( 1280.0, 664.5)  dx=     0.0  dy=   -8.5
f071-08492ms.png              732424  (    0,   0, 2561,1330)  ( 1280.0, 664.5)  dx=     0.0  dy=   -8.5
f072-08616ms.png              732424  (    0,   0, 2561,1330)  ( 1280.0, 664.5)  dx=     0.0  dy=   -8.5
f073-08740ms.png              732424  (    0,   0, 2561,1330)  ( 1280.0, 664.5)  dx=     0.0  dy=   -8.5
f074-08872ms.png              732424  (    0,   0, 2561,1330)  ( 1280.0, 664.5)  dx=     0.0  dy=   -8.5
f075-08994ms.png              732424  (    0,   0, 2561,1330)  ( 1280.0, 664.5)  dx=     0.0  dy=   -8.5
f076-09112ms.png              732424  (    0,   0, 2561,1330)  ( 1280.0, 664.5)  dx=     0.0  dy=   -8.5
f077-09231ms.png              732424  (    0,   0, 2561,1330)  ( 1280.0, 664.5)  dx=     0.0  dy=   -8.5
f078-09352ms.png              732424  (    0,   0, 2561,1330)  ( 1280.0, 664.5)  dx=     0.0  dy=   -8.5
f079-09478ms.png              732424  (    0,   0, 2561,1330)  ( 1280.0, 664.5)  dx=     0.0  dy=   -8.5
f080-09597ms.png              732424  (    0,   0, 2561,1330)  ( 1280.0, 664.5)  dx=     0.0  dy=   -8.5
f081-09718ms.png              732424  (    0,   0, 2561,1330)  ( 1280.0, 664.5)  dx=     0.0  dy=   -8.5
f082-09843ms.png              732424  (    0,   0, 2561,1330)  ( 1280.0, 664.5)  dx=     0.0  dy=   -8.5
f083-09963ms.png              732424  (    0,   0, 2561,1330)  ( 1280.0, 664.5)  dx=     0.0  dy=   -8.5
f084-10081ms.png              732424  (    0,   0, 2561,1330)  ( 1280.0, 664.5)  dx=     0.0  dy=   -8.5
f085-10202ms.png              732424  (    0,   0, 2561,1330)  ( 1280.0, 664.5)  dx=     0.0  dy=   -8.5
f086-10322ms.png              732424  (    0,   0, 2561,1330)  ( 1280.0, 664.5)  dx=     0.0  dy=   -8.5
f087-10442ms.png              732424  (    0,   0, 2561,1330)  ( 1280.0, 664.5)  dx=     0.0  dy=   -8.5
f088-10563ms.png              732424  (    0,   0, 2561,1330)  ( 1280.0, 664.5)  dx=     0.0  dy=   -8.5
f089-10687ms.png              732424  (    0,   0, 2561,1330)  ( 1280.0, 664.5)  dx=     0.0  dy=   -8.5
