# frames/before/exact-open/
frame                          ink px     ink box (x,y,w,h)        centre        offset from viewport centre
f007-00620ms.png              328150  (    0,   0, 1707, 888)  (  853.0, 443.5)  dx=     0.0  dy=   -5.0
f008-00710ms.png              328150  (    0,   0, 1707, 888)  (  853.0, 443.5)  dx=     0.0  dy=   -5.0
f009-00770ms.png              328150  (    0,   0, 1707, 888)  (  853.0, 443.5)  dx=     0.0  dy=   -5.0
f010-00829ms.png              328150  (    0,   0, 1707, 888)  (  853.0, 443.5)  dx=     0.0  dy=   -5.0
f011-00888ms.png              328150  (    0,   0, 1707, 888)  (  853.0, 443.5)  dx=     0.0  dy=   -5.0
f012-01525ms.png              328150  (    0,   0, 1707, 888)  (  853.0, 443.5)  dx=     0.0  dy=   -5.0
f013-01586ms.png              328150  (    0,   0, 1707, 888)  (  853.0, 443.5)  dx=     0.0  dy=   -5.0
f014-01654ms.png              328150  (    0,   0, 1707, 888)  (  853.0, 443.5)  dx=     0.0  dy=   -5.0
f015-01714ms.png              328150  (    0,   0, 1707, 888)  (  853.0, 443.5)  dx=     0.0  dy=   -5.0
f016-01774ms.png              328150  (    0,   0, 1707, 888)  (  853.0, 443.5)  dx=     0.0  dy=   -5.0
f017-01834ms.png              328150  (    0,   0, 1707, 888)  (  853.0, 443.5)  dx=     0.0  dy=   -5.0
f018-01895ms.png              328150  (    0,   0, 1707, 888)  (  853.0, 443.5)  dx=     0.0  dy=   -5.0
f019-01961ms.png              328150  (    0,   0, 1707, 888)  (  853.0, 443.5)  dx=     0.0  dy=   -5.0
f020-02022ms.png              328150  (    0,   0, 1707, 888)  (  853.0, 443.5)  dx=     0.0  dy=   -5.0
f021-02085ms.png              328150  (    0,   0, 1707, 888)  (  853.0, 443.5)  dx=     0.0  dy=   -5.0
f022-02150ms.png              328150  (    0,   0, 1707, 888)  (  853.0, 443.5)  dx=     0.0  dy=   -5.0
f023-02210ms.png              328150  (    0,   0, 1707, 888)  (  853.0, 443.5)  dx=     0.0  dy=   -5.0
f024-02274ms.png              328150  (    0,   0, 1707, 888)  (  853.0, 443.5)  dx=     0.0  dy=   -5.0
f025-02332ms.png              328150  (    0,   0, 1707, 888)  (  853.0, 443.5)  dx=     0.0  dy=   -5.0
f026-02390ms.png              328150  (    0,   0, 1707, 888)  (  853.0, 443.5)  dx=     0.0  dy=   -5.0
f027-02447ms.png              328150  (    0,   0, 1707, 888)  (  853.0, 443.5)  dx=     0.0  dy=   -5.0
f028-02511ms.png              328150  (    0,   0, 1707, 888)  (  853.0, 443.5)  dx=     0.0  dy=   -5.0
f029-02566ms.png              328150  (    0,   0, 1707, 888)  (  853.0, 443.5)  dx=     0.0  dy=   -5.0
f030-02625ms.png              328150  (    0,   0, 1707, 888)  (  853.0, 443.5)  dx=     0.0  dy=   -5.0
f031-02682ms.png              328150  (    0,   0, 1707, 888)  (  853.0, 443.5)  dx=     0.0  dy=   -5.0
f032-02737ms.png              328150  (    0,   0, 1707, 888)  (  853.0, 443.5)  dx=     0.0  dy=   -5.0
f033-02794ms.png              328150  (    0,   0, 1707, 888)  (  853.0, 443.5)  dx=     0.0  dy=   -5.0
f034-02848ms.png              328150  (    0,   0, 1707, 888)  (  853.0, 443.5)  dx=     0.0  dy=   -5.0
f035-02903ms.png              328150  (    0,   0, 1707, 888)  (  853.0, 443.5)  dx=     0.0  dy=   -5.0
f036-02962ms.png              328150  (    0,   0, 1707, 888)  (  853.0, 443.5)  dx=     0.0  dy=   -5.0
f037-03018ms.png              328150  (    0,   0, 1707, 888)  (  853.0, 443.5)  dx=     0.0  dy=   -5.0
f038-03078ms.png              328150  (    0,   0, 1707, 888)  (  853.0, 443.5)  dx=     0.0  dy=   -5.0
f039-03136ms.png              328150  (    0,   0, 1707, 888)  (  853.0, 443.5)  dx=     0.0  dy=   -5.0
f040-03193ms.png              328150  (    0,   0, 1707, 888)  (  853.0, 443.5)  dx=     0.0  dy=   -5.0
f041-03249ms.png              328150  (    0,   0, 1707, 888)  (  853.0, 443.5)  dx=     0.0  dy=   -5.0
f042-03312ms.png              328150  (    0,   0, 1707, 888)  (  853.0, 443.5)  dx=     0.0  dy=   -5.0
f043-03374ms.png              328150  (    0,   0, 1707, 888)  (  853.0, 443.5)  dx=     0.0  dy=   -5.0
f044-03428ms.png              328150  (    0,   0, 1707, 888)  (  853.0, 443.5)  dx=     0.0  dy=   -5.0
f045-03486ms.png              328150  (    0,   0, 1707, 888)  (  853.0, 443.5)  dx=     0.0  dy=   -5.0
f046-03544ms.png              328150  (    0,   0, 1707, 888)  (  853.0, 443.5)  dx=     0.0  dy=   -5.0
f047-03599ms.png              328150  (    0,   0, 1707, 888)  (  853.0, 443.5)  dx=     0.0  dy=   -5.0
f048-03656ms.png              328150  (    0,   0, 1707, 888)  (  853.0, 443.5)  dx=     0.0  dy=   -5.0
f049-03712ms.png              328150  (    0,   0, 1707, 888)  (  853.0, 443.5)  dx=     0.0  dy=   -5.0
f050-03769ms.png              328150  (    0,   0, 1707, 888)  (  853.0, 443.5)  dx=     0.0  dy=   -5.0
f051-03825ms.png              328150  (    0,   0, 1707, 888)  (  853.0, 443.5)  dx=     0.0  dy=   -5.0
f052-03879ms.png              328150  (    0,   0, 1707, 888)  (  853.0, 443.5)  dx=     0.0  dy=   -5.0
f053-03936ms.png              328150  (    0,   0, 1707, 888)  (  853.0, 443.5)  dx=     0.0  dy=   -5.0
f054-03990ms.png              328150  (    0,   0, 1707, 888)  (  853.0, 443.5)  dx=     0.0  dy=   -5.0
f055-04047ms.png              328150  (    0,   0, 1707, 888)  (  853.0, 443.5)  dx=     0.0  dy=   -5.0
f056-04103ms.png              328150  (    0,   0, 1707, 888)  (  853.0, 443.5)  dx=     0.0  dy=   -5.0
f057-04165ms.png              328150  (    0,   0, 1707, 888)  (  853.0, 443.5)  dx=     0.0  dy=   -5.0
f058-04228ms.png              328150  (    0,   0, 1707, 888)  (  853.0, 443.5)  dx=     0.0  dy=   -5.0
f059-04286ms.png              328150  (    0,   0, 1707, 888)  (  853.0, 443.5)  dx=     0.0  dy=   -5.0
f060-04340ms.png              328150  (    0,   0, 1707, 888)  (  853.0, 443.5)  dx=     0.0  dy=   -5.0
f061-04396ms.png              328150  (    0,   0, 1707, 888)  (  853.0, 443.5)  dx=     0.0  dy=   -5.0
f062-04451ms.png              328150  (    0,   0, 1707, 888)  (  853.0, 443.5)  dx=     0.0  dy=   -5.0
f063-04496ms.png              328150  (    0,   0, 1707, 888)  (  853.0, 443.5)  dx=     0.0  dy=   -5.0
f064-04557ms.png              328150  (    0,   0, 1707, 888)  (  853.0, 443.5)  dx=     0.0  dy=   -5.0
f065-04605ms.png              328150  (    0,   0, 1707, 888)  (  853.0, 443.5)  dx=     0.0  dy=   -5.0
f066-04658ms.png              328150  (    0,   0, 1707, 888)  (  853.0, 443.5)  dx=     0.0  dy=   -5.0
f067-04711ms.png              328150  (    0,   0, 1707, 888)  (  853.0, 443.5)  dx=     0.0  dy=   -5.0
f068-04765ms.png              328150  (    0,   0, 1707, 888)  (  853.0, 443.5)  dx=     0.0  dy=   -5.0
f069-04815ms.png              328150  (    0,   0, 1707, 888)  (  853.0, 443.5)  dx=     0.0  dy=   -5.0
f070-04864ms.png              328150  (    0,   0, 1707, 888)  (  853.0, 443.5)  dx=     0.0  dy=   -5.0
f071-04917ms.png              328150  (    0,   0, 1707, 888)  (  853.0, 443.5)  dx=     0.0  dy=   -5.0
f072-04970ms.png              328150  (    0,   0, 1707, 888)  (  853.0, 443.5)  dx=     0.0  dy=   -5.0
f073-05027ms.png              328150  (    0,   0, 1707, 888)  (  853.0, 443.5)  dx=     0.0  dy=   -5.0
f074-05080ms.png              328150  (    0,   0, 1707, 888)  (  853.0, 443.5)  dx=     0.0  dy=   -5.0
f075-05135ms.png              328150  (    0,   0, 1707, 888)  (  853.0, 443.5)  dx=     0.0  dy=   -5.0
f076-05199ms.png              328150  (    0,   0, 1707, 888)  (  853.0, 443.5)  dx=     0.0  dy=   -5.0
f077-05255ms.png              328150  (    0,   0, 1707, 888)  (  853.0, 443.5)  dx=     0.0  dy=   -5.0
f078-05308ms.png              328150  (    0,   0, 1707, 888)  (  853.0, 443.5)  dx=     0.0  dy=   -5.0
f079-05363ms.png              328150  (    0,   0, 1707, 888)  (  853.0, 443.5)  dx=     0.0  dy=   -5.0
f080-05413ms.png              328150  (    0,   0, 1707, 888)  (  853.0, 443.5)  dx=     0.0  dy=   -5.0
f081-05463ms.png              328150  (    0,   0, 1707, 888)  (  853.0, 443.5)  dx=     0.0  dy=   -5.0
f082-05508ms.png              328150  (    0,   0, 1707, 888)  (  853.0, 443.5)  dx=     0.0  dy=   -5.0
f083-05552ms.png              328150  (    0,   0, 1707, 888)  (  853.0, 443.5)  dx=     0.0  dy=   -5.0
f084-05599ms.png              328150  (    0,   0, 1707, 888)  (  853.0, 443.5)  dx=     0.0  dy=   -5.0
f085-05647ms.png              328150  (    0,   0, 1707, 888)  (  853.0, 443.5)  dx=     0.0  dy=   -5.0
f086-05692ms.png              328150  (    0,   0, 1707, 888)  (  853.0, 443.5)  dx=     0.0  dy=   -5.0
f087-05738ms.png              328150  (    0,   0, 1707, 888)  (  853.0, 443.5)  dx=     0.0  dy=   -5.0
f088-05787ms.png              328150  (    0,   0, 1707, 888)  (  853.0, 443.5)  dx=     0.0  dy=   -5.0
f089-05833ms.png              328150  (    0,   0, 1707, 888)  (  853.0, 443.5)  dx=     0.0  dy=   -5.0
f090-05879ms.png              328150  (    0,   0, 1707, 888)  (  853.0, 443.5)  dx=     0.0  dy=   -5.0
f091-05925ms.png              328150  (    0,   0, 1707, 888)  (  853.0, 443.5)  dx=     0.0  dy=   -5.0
f092-05975ms.png              328150  (    0,   0, 1707, 888)  (  853.0, 443.5)  dx=     0.0  dy=   -5.0
f093-06025ms.png              328150  (    0,   0, 1707, 888)  (  853.0, 443.5)  dx=     0.0  dy=   -5.0
f094-06075ms.png              328150  (    0,   0, 1707, 888)  (  853.0, 443.5)  dx=     0.0  dy=   -5.0
f095-06120ms.png              328150  (    0,   0, 1707, 888)  (  853.0, 443.5)  dx=     0.0  dy=   -5.0
f096-06165ms.png              328150  (    0,   0, 1707, 888)  (  853.0, 443.5)  dx=     0.0  dy=   -5.0
f097-06212ms.png              328150  (    0,   0, 1707, 888)  (  853.0, 443.5)  dx=     0.0  dy=   -5.0
f098-06258ms.png              328150  (    0,   0, 1707, 888)  (  853.0, 443.5)  dx=     0.0  dy=   -5.0
f099-06304ms.png              328150  (    0,   0, 1707, 888)  (  853.0, 443.5)  dx=     0.0  dy=   -5.0
f100-06350ms.png              328150  (    0,   0, 1707, 888)  (  853.0, 443.5)  dx=     0.0  dy=   -5.0
f101-06395ms.png              328150  (    0,   0, 1707, 888)  (  853.0, 443.5)  dx=     0.0  dy=   -5.0
f102-06442ms.png              328150  (    0,   0, 1707, 888)  (  853.0, 443.5)  dx=     0.0  dy=   -5.0
f103-06503ms.png              328150  (    0,   0, 1707, 888)  (  853.0, 443.5)  dx=     0.0  dy=   -5.0
f104-06565ms.png              328150  (    0,   0, 1707, 888)  (  853.0, 443.5)  dx=     0.0  dy=   -5.0
f105-06610ms.png              328150  (    0,   0, 1707, 888)  (  853.0, 443.5)  dx=     0.0  dy=   -5.0
f106-06661ms.png              328150  (    0,   0, 1707, 888)  (  853.0, 443.5)  dx=     0.0  dy=   -5.0
f107-06713ms.png              328150  (    0,   0, 1707, 888)  (  853.0, 443.5)  dx=     0.0  dy=   -5.0
f108-06757ms.png              328150  (    0,   0, 1707, 888)  (  853.0, 443.5)  dx=     0.0  dy=   -5.0
f109-06808ms.png              328150  (    0,   0, 1707, 888)  (  853.0, 443.5)  dx=     0.0  dy=   -5.0
f110-06860ms.png              328150  (    0,   0, 1707, 888)  (  853.0, 443.5)  dx=     0.0  dy=   -5.0
f111-06912ms.png              328150  (    0,   0, 1707, 888)  (  853.0, 443.5)  dx=     0.0  dy=   -5.0
f112-06958ms.png              328150  (    0,   0, 1707, 888)  (  853.0, 443.5)  dx=     0.0  dy=   -5.0
f113-07007ms.png              328150  (    0,   0, 1707, 888)  (  853.0, 443.5)  dx=     0.0  dy=   -5.0
f114-07056ms.png              328150  (    0,   0, 1707, 888)  (  853.0, 443.5)  dx=     0.0  dy=   -5.0
f115-07102ms.png              328150  (    0,   0, 1707, 888)  (  853.0, 443.5)  dx=     0.0  dy=   -5.0
f116-07150ms.png              328150  (    0,   0, 1707, 888)  (  853.0, 443.5)  dx=     0.0  dy=   -5.0
f117-07198ms.png              328150  (    0,   0, 1707, 888)  (  853.0, 443.5)  dx=     0.0  dy=   -5.0
f118-07244ms.png              328150  (    0,   0, 1707, 888)  (  853.0, 443.5)  dx=     0.0  dy=   -5.0
f119-07292ms.png              328150  (    0,   0, 1707, 888)  (  853.0, 443.5)  dx=     0.0  dy=   -5.0
f120-07337ms.png              328150  (    0,   0, 1707, 888)  (  853.0, 443.5)  dx=     0.0  dy=   -5.0
f121-07390ms.png              328150  (    0,   0, 1707, 888)  (  853.0, 443.5)  dx=     0.0  dy=   -5.0
f122-07437ms.png              328150  (    0,   0, 1707, 888)  (  853.0, 443.5)  dx=     0.0  dy=   -5.0
f123-07484ms.png              328150  (    0,   0, 1707, 888)  (  853.0, 443.5)  dx=     0.0  dy=   -5.0
f124-07531ms.png              328150  (    0,   0, 1707, 888)  (  853.0, 443.5)  dx=     0.0  dy=   -5.0
f125-07581ms.png              328150  (    0,   0, 1707, 888)  (  853.0, 443.5)  dx=     0.0  dy=   -5.0
f126-07627ms.png              328150  (    0,   0, 1707, 888)  (  853.0, 443.5)  dx=     0.0  dy=   -5.0
f127-07673ms.png              328150  (    0,   0, 1707, 888)  (  853.0, 443.5)  dx=     0.0  dy=   -5.0
f128-07723ms.png              328150  (    0,   0, 1707, 888)  (  853.0, 443.5)  dx=     0.0  dy=   -5.0
f129-07774ms.png              328150  (    0,   0, 1707, 888)  (  853.0, 443.5)  dx=     0.0  dy=   -5.0
f130-07818ms.png              328150  (    0,   0, 1707, 888)  (  853.0, 443.5)  dx=     0.0  dy=   -5.0
f131-07866ms.png              328150  (    0,   0, 1707, 888)  (  853.0, 443.5)  dx=     0.0  dy=   -5.0
f132-07916ms.png              328150  (    0,   0, 1707, 888)  (  853.0, 443.5)  dx=     0.0  dy=   -5.0
f133-07969ms.png              328150  (    0,   0, 1707, 888)  (  853.0, 443.5)  dx=     0.0  dy=   -5.0
f134-08017ms.png              328150  (    0,   0, 1707, 888)  (  853.0, 443.5)  dx=     0.0  dy=   -5.0
f135-08065ms.png              328150  (    0,   0, 1707, 888)  (  853.0, 443.5)  dx=     0.0  dy=   -5.0
f136-08112ms.png              328150  (    0,   0, 1707, 888)  (  853.0, 443.5)  dx=     0.0  dy=   -5.0
f137-08161ms.png              328150  (    0,   0, 1707, 888)  (  853.0, 443.5)  dx=     0.0  dy=   -5.0
f138-08205ms.png              328150  (    0,   0, 1707, 888)  (  853.0, 443.5)  dx=     0.0  dy=   -5.0
f139-08248ms.png              328150  (    0,   0, 1707, 888)  (  853.0, 443.5)  dx=     0.0  dy=   -5.0
