# frames/before/exact-gated/
frame                          ink px     ink box (x,y,w,h)        centre        offset from viewport centre
f008-00343ms.png                   0  (background only)
f009-00681ms.png              328150  (    0,   0, 1707, 888)  (  853.0, 443.5)  dx=     0.0  dy=   -5.0
f010-00764ms.png              328150  (    0,   0, 1707, 888)  (  853.0, 443.5)  dx=     0.0  dy=   -5.0
f011-00821ms.png              328150  (    0,   0, 1707, 888)  (  853.0, 443.5)  dx=     0.0  dy=   -5.0
f012-00873ms.png              328150  (    0,   0, 1707, 888)  (  853.0, 443.5)  dx=     0.0  dy=   -5.0
f013-00927ms.png              328150  (    0,   0, 1707, 888)  (  853.0, 443.5)  dx=     0.0  dy=   -5.0
f014-00992ms.png              328150  (    0,   0, 1707, 888)  (  853.0, 443.5)  dx=     0.0  dy=   -5.0
f015-01051ms.png              328150  (    0,   0, 1707, 888)  (  853.0, 443.5)  dx=     0.0  dy=   -5.0
f016-01107ms.png              328150  (    0,   0, 1707, 888)  (  853.0, 443.5)  dx=     0.0  dy=   -5.0
f017-01160ms.png              328150  (    0,   0, 1707, 888)  (  853.0, 443.5)  dx=     0.0  dy=   -5.0
f018-01217ms.png              328150  (    0,   0, 1707, 888)  (  853.0, 443.5)  dx=     0.0  dy=   -5.0
f019-01273ms.png              328150  (    0,   0, 1707, 888)  (  853.0, 443.5)  dx=     0.0  dy=   -5.0
f020-01332ms.png              328150  (    0,   0, 1707, 888)  (  853.0, 443.5)  dx=     0.0  dy=   -5.0
f021-01387ms.png              328150  (    0,   0, 1707, 888)  (  853.0, 443.5)  dx=     0.0  dy=   -5.0
f022-01441ms.png              328150  (    0,   0, 1707, 888)  (  853.0, 443.5)  dx=     0.0  dy=   -5.0
f023-01497ms.png              328150  (    0,   0, 1707, 888)  (  853.0, 443.5)  dx=     0.0  dy=   -5.0
f024-01553ms.png              328150  (    0,   0, 1707, 888)  (  853.0, 443.5)  dx=     0.0  dy=   -5.0
f025-01612ms.png              328150  (    0,   0, 1707, 888)  (  853.0, 443.5)  dx=     0.0  dy=   -5.0
f026-01668ms.png              328150  (    0,   0, 1707, 888)  (  853.0, 443.5)  dx=     0.0  dy=   -5.0
f027-01724ms.png              328150  (    0,   0, 1707, 888)  (  853.0, 443.5)  dx=     0.0  dy=   -5.0
f028-01784ms.png              328150  (    0,   0, 1707, 888)  (  853.0, 443.5)  dx=     0.0  dy=   -5.0
f029-01839ms.png              328150  (    0,   0, 1707, 888)  (  853.0, 443.5)  dx=     0.0  dy=   -5.0
f030-01892ms.png              328150  (    0,   0, 1707, 888)  (  853.0, 443.5)  dx=     0.0  dy=   -5.0
f031-01949ms.png              328150  (    0,   0, 1707, 888)  (  853.0, 443.5)  dx=     0.0  dy=   -5.0
f032-02004ms.png              328150  (    0,   0, 1707, 888)  (  853.0, 443.5)  dx=     0.0  dy=   -5.0
f033-02056ms.png              328150  (    0,   0, 1707, 888)  (  853.0, 443.5)  dx=     0.0  dy=   -5.0
f034-02113ms.png              328150  (    0,   0, 1707, 888)  (  853.0, 443.5)  dx=     0.0  dy=   -5.0
f035-02168ms.png              328150  (    0,   0, 1707, 888)  (  853.0, 443.5)  dx=     0.0  dy=   -5.0
f036-02222ms.png              328150  (    0,   0, 1707, 888)  (  853.0, 443.5)  dx=     0.0  dy=   -5.0
f037-02274ms.png              328150  (    0,   0, 1707, 888)  (  853.0, 443.5)  dx=     0.0  dy=   -5.0
f038-02330ms.png              328150  (    0,   0, 1707, 888)  (  853.0, 443.5)  dx=     0.0  dy=   -5.0
f039-02392ms.png              328150  (    0,   0, 1707, 888)  (  853.0, 443.5)  dx=     0.0  dy=   -5.0
f040-02452ms.png              328150  (    0,   0, 1707, 888)  (  853.0, 443.5)  dx=     0.0  dy=   -5.0
f041-02512ms.png              328150  (    0,   0, 1707, 888)  (  853.0, 443.5)  dx=     0.0  dy=   -5.0
f042-02569ms.png              328150  (    0,   0, 1707, 888)  (  853.0, 443.5)  dx=     0.0  dy=   -5.0
f043-02628ms.png              328150  (    0,   0, 1707, 888)  (  853.0, 443.5)  dx=     0.0  dy=   -5.0
f044-02684ms.png              328150  (    0,   0, 1707, 888)  (  853.0, 443.5)  dx=     0.0  dy=   -5.0
f045-02745ms.png              328150  (    0,   0, 1707, 888)  (  853.0, 443.5)  dx=     0.0  dy=   -5.0
f046-02804ms.png              328150  (    0,   0, 1707, 888)  (  853.0, 443.5)  dx=     0.0  dy=   -5.0
f047-02861ms.png              328150  (    0,   0, 1707, 888)  (  853.0, 443.5)  dx=     0.0  dy=   -5.0
f048-02922ms.png              328150  (    0,   0, 1707, 888)  (  853.0, 443.5)  dx=     0.0  dy=   -5.0
f049-02982ms.png              328150  (    0,   0, 1707, 888)  (  853.0, 443.5)  dx=     0.0  dy=   -5.0
f050-03041ms.png              328150  (    0,   0, 1707, 888)  (  853.0, 443.5)  dx=     0.0  dy=   -5.0
f051-03099ms.png              328150  (    0,   0, 1707, 888)  (  853.0, 443.5)  dx=     0.0  dy=   -5.0
f052-03166ms.png              328150  (    0,   0, 1707, 888)  (  853.0, 443.5)  dx=     0.0  dy=   -5.0
f053-03221ms.png              328150  (    0,   0, 1707, 888)  (  853.0, 443.5)  dx=     0.0  dy=   -5.0
f054-03279ms.png              328150  (    0,   0, 1707, 888)  (  853.0, 443.5)  dx=     0.0  dy=   -5.0
f055-03332ms.png              328150  (    0,   0, 1707, 888)  (  853.0, 443.5)  dx=     0.0  dy=   -5.0
f056-03386ms.png              328150  (    0,   0, 1707, 888)  (  853.0, 443.5)  dx=     0.0  dy=   -5.0
f057-03442ms.png              328150  (    0,   0, 1707, 888)  (  853.0, 443.5)  dx=     0.0  dy=   -5.0
f058-03495ms.png              328150  (    0,   0, 1707, 888)  (  853.0, 443.5)  dx=     0.0  dy=   -5.0
f059-03556ms.png              328150  (    0,   0, 1707, 888)  (  853.0, 443.5)  dx=     0.0  dy=   -5.0
f060-03609ms.png              328150  (    0,   0, 1707, 888)  (  853.0, 443.5)  dx=     0.0  dy=   -5.0
f061-03661ms.png              328150  (    0,   0, 1707, 888)  (  853.0, 443.5)  dx=     0.0  dy=   -5.0
f062-03720ms.png              328150  (    0,   0, 1707, 888)  (  853.0, 443.5)  dx=     0.0  dy=   -5.0
f063-03773ms.png              328150  (    0,   0, 1707, 888)  (  853.0, 443.5)  dx=     0.0  dy=   -5.0
f064-03831ms.png              328150  (    0,   0, 1707, 888)  (  853.0, 443.5)  dx=     0.0  dy=   -5.0
f065-03889ms.png              328150  (    0,   0, 1707, 888)  (  853.0, 443.5)  dx=     0.0  dy=   -5.0
f066-03945ms.png              328150  (    0,   0, 1707, 888)  (  853.0, 443.5)  dx=     0.0  dy=   -5.0
f067-04000ms.png              328150  (    0,   0, 1707, 888)  (  853.0, 443.5)  dx=     0.0  dy=   -5.0
f068-04057ms.png              328150  (    0,   0, 1707, 888)  (  853.0, 443.5)  dx=     0.0  dy=   -5.0
f069-04117ms.png              328150  (    0,   0, 1707, 888)  (  853.0, 443.5)  dx=     0.0  dy=   -5.0
f070-04173ms.png              328150  (    0,   0, 1707, 888)  (  853.0, 443.5)  dx=     0.0  dy=   -5.0
f071-04231ms.png              328150  (    0,   0, 1707, 888)  (  853.0, 443.5)  dx=     0.0  dy=   -5.0
f072-04288ms.png              328150  (    0,   0, 1707, 888)  (  853.0, 443.5)  dx=     0.0  dy=   -5.0
f073-04342ms.png              328150  (    0,   0, 1707, 888)  (  853.0, 443.5)  dx=     0.0  dy=   -5.0
f074-04396ms.png              328150  (    0,   0, 1707, 888)  (  853.0, 443.5)  dx=     0.0  dy=   -5.0
f075-04453ms.png              328150  (    0,   0, 1707, 888)  (  853.0, 443.5)  dx=     0.0  dy=   -5.0
f076-04509ms.png              328150  (    0,   0, 1707, 888)  (  853.0, 443.5)  dx=     0.0  dy=   -5.0
f077-04561ms.png              328150  (    0,   0, 1707, 888)  (  853.0, 443.5)  dx=     0.0  dy=   -5.0
f078-04620ms.png              328150  (    0,   0, 1707, 888)  (  853.0, 443.5)  dx=     0.0  dy=   -5.0
f079-04676ms.png              328150  (    0,   0, 1707, 888)  (  853.0, 443.5)  dx=     0.0  dy=   -5.0
f080-04729ms.png              328150  (    0,   0, 1707, 888)  (  853.0, 443.5)  dx=     0.0  dy=   -5.0
f081-04791ms.png              328150  (    0,   0, 1707, 888)  (  853.0, 443.5)  dx=     0.0  dy=   -5.0
f082-04850ms.png              328150  (    0,   0, 1707, 888)  (  853.0, 443.5)  dx=     0.0  dy=   -5.0
f083-04905ms.png              328150  (    0,   0, 1707, 888)  (  853.0, 443.5)  dx=     0.0  dy=   -5.0
f084-04960ms.png              328150  (    0,   0, 1707, 888)  (  853.0, 443.5)  dx=     0.0  dy=   -5.0
f085-05014ms.png              328150  (    0,   0, 1707, 888)  (  853.0, 443.5)  dx=     0.0  dy=   -5.0
f086-05074ms.png              328150  (    0,   0, 1707, 888)  (  853.0, 443.5)  dx=     0.0  dy=   -5.0
f087-05127ms.png              328150  (    0,   0, 1707, 888)  (  853.0, 443.5)  dx=     0.0  dy=   -5.0
f088-05185ms.png              328150  (    0,   0, 1707, 888)  (  853.0, 443.5)  dx=     0.0  dy=   -5.0
f089-05246ms.png              328150  (    0,   0, 1707, 888)  (  853.0, 443.5)  dx=     0.0  dy=   -5.0
