# frames/before/gated/
frame                          ink px     ink box (x,y,w,h)        centre        offset from viewport centre
f000-00000ms.png             1532886  (blank page — nothing painted yet)
f001-00046ms.png                   0  (background only)
f002-00694ms.png              865991  (    0,   2, 1704, 893)  (  851.5, 448.0)  dx=    -1.5  dy=   -0.5
f003-00713ms.png              865991  (    0,   2, 1704, 893)  (  851.5, 448.0)  dx=    -1.5  dy=   -0.5
f004-00735ms.png              865991  (    0,   2, 1704, 893)  (  851.5, 448.0)  dx=    -1.5  dy=   -0.5
f005-00748ms.png              865991  (    0,   2, 1704, 893)  (  851.5, 448.0)  dx=    -1.5  dy=   -0.5
f006-00791ms.png              866213  (    1,   2, 1706, 893)  (  853.5, 448.0)  dx=     0.5  dy=   -0.5
f007-00801ms.png              866213  (    1,   2, 1706, 893)  (  853.5, 448.0)  dx=     0.5  dy=   -0.5
f008-00815ms.png              866461  (    1,   2, 1706, 893)  (  853.5, 448.0)  dx=     0.5  dy=   -0.5
f009-00847ms.png              866878  (    2,   2, 1705, 893)  (  854.0, 448.0)  dx=     1.0  dy=   -0.5
f010-00892ms.png              867399  (    2,   2, 1705, 893)  (  854.0, 448.0)  dx=     1.0  dy=   -0.5
f011-00901ms.png              867634  (    2,   2, 1705, 893)  (  854.0, 448.0)  dx=     1.0  dy=   -0.5
f012-00913ms.png              867815  (    2,   2, 1705, 893)  (  854.0, 448.0)  dx=     1.0  dy=   -0.5
f013-00953ms.png              868568  (    2,   2, 1705, 893)  (  854.0, 448.0)  dx=     1.0  dy=   -0.5
f014-00967ms.png              868588  (    2,   2, 1705, 893)  (  854.0, 448.0)  dx=     1.0  dy=   -0.5
f015-01019ms.png              869376  (    2,   2, 1705, 893)  (  854.0, 448.0)  dx=     1.0  dy=   -0.5
f016-01033ms.png              869863  (    3,   2, 1704, 893)  (  854.5, 448.0)  dx=     1.5  dy=   -0.5
f017-01052ms.png              870379  (    3,   2, 1704, 893)  (  854.5, 448.0)  dx=     1.5  dy=   -0.5
f018-01080ms.png              870499  (    3,   2, 1704, 893)  (  854.5, 448.0)  dx=     1.5  dy=   -0.5
f019-01101ms.png              870499  (    3,   2, 1704, 893)  (  854.5, 448.0)  dx=     1.5  dy=   -0.5
f020-01133ms.png              870518  (    0,   2, 1701, 893)  (  850.0, 448.0)  dx=    -3.0  dy=   -0.5
f021-01148ms.png              870518  (    0,   2, 1701, 893)  (  850.0, 448.0)  dx=    -3.0  dy=   -0.5
f022-01176ms.png              870518  (    0,   2, 1701, 893)  (  850.0, 448.0)  dx=    -3.0  dy=   -0.5
f023-01220ms.png              870522  (    0,   2, 1702, 893)  (  850.5, 448.0)  dx=    -2.5  dy=   -0.5
f024-01239ms.png              870542  (    0,   2, 1702, 893)  (  850.5, 448.0)  dx=    -2.5  dy=   -0.5
f025-01251ms.png              870542  (    0,   2, 1702, 893)  (  850.5, 448.0)  dx=    -2.5  dy=   -0.5
f026-01294ms.png              870508  (    0,   2, 1702, 893)  (  850.5, 448.0)  dx=    -2.5  dy=   -0.5
f027-01307ms.png              870508  (    0,   2, 1702, 893)  (  850.5, 448.0)  dx=    -2.5  dy=   -0.5
f028-01322ms.png              870508  (    0,   2, 1702, 893)  (  850.5, 448.0)  dx=    -2.5  dy=   -0.5
f029-01352ms.png              870487  (    0,   2, 1702, 893)  (  850.5, 448.0)  dx=    -2.5  dy=   -0.5
f030-01364ms.png              870487  (    0,   2, 1702, 893)  (  850.5, 448.0)  dx=    -2.5  dy=   -0.5
f031-01402ms.png              870487  (    0,   2, 1702, 893)  (  850.5, 448.0)  dx=    -2.5  dy=   -0.5
f032-01419ms.png              870515  (    1,   2, 1701, 893)  (  851.0, 448.0)  dx=    -2.0  dy=   -0.5
f033-01431ms.png              870515  (    1,   2, 1701, 893)  (  851.0, 448.0)  dx=    -2.0  dy=   -0.5
