# frames/before/no-gate/
frame                          ink px     ink box (x,y,w,h)        centre        offset from viewport centre
f000-00000ms.png              870525  (    2,   1, 1701, 894)  (  852.0, 447.5)  dx=    -1.0  dy=   -1.0
f001-00030ms.png              870525  (    2,   1, 1701, 894)  (  852.0, 447.5)  dx=    -1.0  dy=   -1.0
f002-00047ms.png              870525  (    2,   1, 1701, 894)  (  852.0, 447.5)  dx=    -1.0  dy=   -1.0
f003-00078ms.png              870513  (    2,   1, 1701, 894)  (  852.0, 447.5)  dx=    -1.0  dy=   -1.0
f004-00113ms.png                   0  (background only)
f005-00106ms.png              870509  (    3,   1, 1700, 894)  (  852.5, 447.5)  dx=    -0.5  dy=   -1.0
f006-00290ms.png                   0  (background only)
f007-00563ms.png              328150  (    0,   0, 1707, 888)  (  853.0, 443.5)  dx=     0.0  dy=   -5.0
f008-00617ms.png              328150  (    0,   0, 1707, 888)  (  853.0, 443.5)  dx=     0.0  dy=   -5.0
f009-00650ms.png              328150  (    0,   0, 1707, 888)  (  853.0, 443.5)  dx=     0.0  dy=   -5.0
f010-00684ms.png              328150  (    0,   0, 1707, 888)  (  853.0, 443.5)  dx=     0.0  dy=   -5.0
f011-00720ms.png              328150  (    0,   0, 1707, 888)  (  853.0, 443.5)  dx=     0.0  dy=   -5.0
f012-00745ms.png              328150  (    0,   0, 1707, 888)  (  853.0, 443.5)  dx=     0.0  dy=   -5.0
f013-00776ms.png              328150  (    0,   0, 1707, 888)  (  853.0, 443.5)  dx=     0.0  dy=   -5.0
f014-00807ms.png              328150  (    0,   0, 1707, 888)  (  853.0, 443.5)  dx=     0.0  dy=   -5.0
f015-00841ms.png              328150  (    0,   0, 1707, 888)  (  853.0, 443.5)  dx=     0.0  dy=   -5.0
f016-00867ms.png              328150  (    0,   0, 1707, 888)  (  853.0, 443.5)  dx=     0.0  dy=   -5.0
f017-00899ms.png              328150  (    0,   0, 1707, 888)  (  853.0, 443.5)  dx=     0.0  dy=   -5.0
f018-00932ms.png              328150  (    0,   0, 1707, 888)  (  853.0, 443.5)  dx=     0.0  dy=   -5.0
f019-00965ms.png              328150  (    0,   0, 1707, 888)  (  853.0, 443.5)  dx=     0.0  dy=   -5.0
f020-00996ms.png              328150  (    0,   0, 1707, 888)  (  853.0, 443.5)  dx=     0.0  dy=   -5.0
f021-01025ms.png              328150  (    0,   0, 1707, 888)  (  853.0, 443.5)  dx=     0.0  dy=   -5.0
f022-01056ms.png              328150  (    0,   0, 1707, 888)  (  853.0, 443.5)  dx=     0.0  dy=   -5.0
f023-01089ms.png              328150  (    0,   0, 1707, 888)  (  853.0, 443.5)  dx=     0.0  dy=   -5.0
f024-01114ms.png              328150  (    0,   0, 1707, 888)  (  853.0, 443.5)  dx=     0.0  dy=   -5.0
f025-01143ms.png              328150  (    0,   0, 1707, 888)  (  853.0, 443.5)  dx=     0.0  dy=   -5.0
f026-01185ms.png              328150  (    0,   0, 1707, 888)  (  853.0, 443.5)  dx=     0.0  dy=   -5.0
f027-01224ms.png              328150  (    0,   0, 1707, 888)  (  853.0, 443.5)  dx=     0.0  dy=   -5.0
f028-01255ms.png              328150  (    0,   0, 1707, 888)  (  853.0, 443.5)  dx=     0.0  dy=   -5.0
f029-01277ms.png              328150  (    0,   0, 1707, 888)  (  853.0, 443.5)  dx=     0.0  dy=   -5.0
f030-01313ms.png              328150  (    0,   0, 1707, 888)  (  853.0, 443.5)  dx=     0.0  dy=   -5.0
f031-01347ms.png              328150  (    0,   0, 1707, 888)  (  853.0, 443.5)  dx=     0.0  dy=   -5.0
f032-01380ms.png              328150  (    0,   0, 1707, 888)  (  853.0, 443.5)  dx=     0.0  dy=   -5.0
f033-01408ms.png              328150  (    0,   0, 1707, 888)  (  853.0, 443.5)  dx=     0.0  dy=   -5.0
f034-01435ms.png              328150  (    0,   0, 1707, 888)  (  853.0, 443.5)  dx=     0.0  dy=   -5.0
f035-01474ms.png              328150  (    0,   0, 1707, 888)  (  853.0, 443.5)  dx=     0.0  dy=   -5.0
