# frames/before/resize-boot/
frame                          ink px     ink box (x,y,w,h)        centre        offset from viewport centre
f006-00320ms.png                   0  (background only)
f007-00673ms.png              328150  (    0,   0, 1707, 888)  (  853.0, 443.5)  dx=     0.0  dy=   -5.0
f008-00759ms.png              328150  (    0,   0, 1707, 888)  (  853.0, 443.5)  dx=     0.0  dy=   -5.0
f009-00814ms.png              328150  (    0,   0, 1707, 888)  (  853.0, 443.5)  dx=     0.0  dy=   -5.0
f010-00872ms.png              328150  (    0,   0, 1707, 888)  (  853.0, 443.5)  dx=     0.0  dy=   -5.0
f011-00928ms.png              328150  (    0,   0, 1707, 888)  (  853.0, 443.5)  dx=     0.0  dy=   -5.0
f012-00981ms.png              328150  (    0,   0, 1707, 888)  (  853.0, 443.5)  dx=     0.0  dy=   -5.0
f013-01035ms.png              328150  (    0,   0, 1707, 888)  (  853.0, 443.5)  dx=     0.0  dy=   -5.0
f014-01092ms.png              328150  (    0,   0, 1707, 888)  (  853.0, 443.5)  dx=     0.0  dy=   -5.0
f015-01156ms.png              328150  (    0,   0, 1707, 888)  (  853.0, 443.5)  dx=     0.0  dy=   -5.0
f016-01212ms.png              328150  (    0,   0, 1707, 888)  (  853.0, 443.5)  dx=     0.0  dy=   -5.0
f017-01267ms.png              328150  (    0,   0, 1707, 888)  (  853.0, 443.5)  dx=     0.0  dy=   -5.0
f018-01323ms.png              328150  (    0,   0, 1707, 888)  (  853.0, 443.5)  dx=     0.0  dy=   -5.0
f019-01383ms.png              328150  (    0,   0, 1707, 888)  (  853.0, 443.5)  dx=     0.0  dy=   -5.0
f020-01441ms.png              328150  (    0,   0, 1707, 888)  (  853.0, 443.5)  dx=     0.0  dy=   -5.0
f021-01495ms.png              328150  (    0,   0, 1707, 888)  (  853.0, 443.5)  dx=     0.0  dy=   -5.0
f022-01552ms.png              328150  (    0,   0, 1707, 888)  (  853.0, 443.5)  dx=     0.0  dy=   -5.0
f023-01606ms.png              328150  (    0,   0, 1707, 888)  (  853.0, 443.5)  dx=     0.0  dy=   -5.0
f024-01661ms.png              328150  (    0,   0, 1707, 888)  (  853.0, 443.5)  dx=     0.0  dy=   -5.0
f025-01716ms.png              328150  (    0,   0, 1707, 888)  (  853.0, 443.5)  dx=     0.0  dy=   -5.0
f026-01773ms.png              328150  (    0,   0, 1707, 888)  (  853.0, 443.5)  dx=     0.0  dy=   -5.0
f027-01829ms.png              328150  (    0,   0, 1707, 888)  (  853.0, 443.5)  dx=     0.0  dy=   -5.0
f028-01884ms.png              328150  (    0,   0, 1707, 888)  (  853.0, 443.5)  dx=     0.0  dy=   -5.0
f029-01937ms.png              328150  (    0,   0, 1707, 888)  (  853.0, 443.5)  dx=     0.0  dy=   -5.0
f030-01997ms.png              328150  (    0,   0, 1707, 888)  (  853.0, 443.5)  dx=     0.0  dy=   -5.0
f031-02048ms.png              328150  (    0,   0, 1707, 888)  (  853.0, 443.5)  dx=     0.0  dy=   -5.0
f032-02104ms.png              328150  (    0,   0, 1707, 888)  (  853.0, 443.5)  dx=     0.0  dy=   -5.0
f033-02160ms.png              328150  (    0,   0, 1707, 888)  (  853.0, 443.5)  dx=     0.0  dy=   -5.0
f034-02216ms.png              328150  (    0,   0, 1707, 888)  (  853.0, 443.5)  dx=     0.0  dy=   -5.0
f035-02270ms.png              328150  (    0,   0, 1707, 888)  (  853.0, 443.5)  dx=     0.0  dy=   -5.0
f036-02328ms.png              328150  (    0,   0, 1707, 888)  (  853.0, 443.5)  dx=     0.0  dy=   -5.0
f037-02393ms.png              328150  (    0,   0, 1707, 888)  (  853.0, 443.5)  dx=     0.0  dy=   -5.0
f038-02455ms.png              328150  (    0,   0, 1707, 888)  (  853.0, 443.5)  dx=     0.0  dy=   -5.0
f039-02515ms.png              328150  (    0,   0, 1707, 888)  (  853.0, 443.5)  dx=     0.0  dy=   -5.0
f040-02572ms.png              328150  (    0,   0, 1707, 888)  (  853.0, 443.5)  dx=     0.0  dy=   -5.0
f041-02631ms.png              328150  (    0,   0, 1707, 888)  (  853.0, 443.5)  dx=     0.0  dy=   -5.0
f042-02692ms.png              328150  (    0,   0, 1707, 888)  (  853.0, 443.5)  dx=     0.0  dy=   -5.0
f043-02745ms.png              328150  (    0,   0, 1707, 888)  (  853.0, 443.5)  dx=     0.0  dy=   -5.0
f044-02803ms.png              328150  (    0,   0, 1707, 888)  (  853.0, 443.5)  dx=     0.0  dy=   -5.0
f045-02855ms.png              328150  (    0,   0, 1707, 888)  (  853.0, 443.5)  dx=     0.0  dy=   -5.0
f046-02918ms.png              328150  (    0,   0, 1707, 888)  (  853.0, 443.5)  dx=     0.0  dy=   -5.0
f047-02979ms.png              328150  (    0,   0, 1707, 888)  (  853.0, 443.5)  dx=     0.0  dy=   -5.0
f048-03038ms.png              328150  (    0,   0, 1707, 888)  (  853.0, 443.5)  dx=     0.0  dy=   -5.0
f049-03098ms.png              328150  (    0,   0, 1707, 888)  (  853.0, 443.5)  dx=     0.0  dy=   -5.0
f050-03154ms.png              328150  (    0,   0, 1707, 888)  (  853.0, 443.5)  dx=     0.0  dy=   -5.0
f051-03212ms.png              328150  (    0,   0, 1707, 888)  (  853.0, 443.5)  dx=     0.0  dy=   -5.0
f052-03266ms.png              328150  (    0,   0, 1707, 888)  (  853.0, 443.5)  dx=     0.0  dy=   -5.0
f053-03323ms.png              328150  (    0,   0, 1707, 888)  (  853.0, 443.5)  dx=     0.0  dy=   -5.0
f054-03381ms.png              328150  (    0,   0, 1707, 888)  (  853.0, 443.5)  dx=     0.0  dy=   -5.0
f055-03436ms.png              328150  (    0,   0, 1707, 888)  (  853.0, 443.5)  dx=     0.0  dy=   -5.0
f056-03493ms.png              328150  (    0,   0, 1707, 888)  (  853.0, 443.5)  dx=     0.0  dy=   -5.0
f057-03551ms.png              328150  (    0,   0, 1707, 888)  (  853.0, 443.5)  dx=     0.0  dy=   -5.0
f058-03609ms.png              328150  (    0,   0, 1707, 888)  (  853.0, 443.5)  dx=     0.0  dy=   -5.0
f059-03666ms.png              328150  (    0,   0, 1707, 888)  (  853.0, 443.5)  dx=     0.0  dy=   -5.0
