base = 300   exp = 1.6   (ratified 2026-08-07)

level   toNext   cumTotal   matches @600XP
  2      300        300        0.5   <- §1.4
  3      909       1209        2.0   <- §1.4
  4     1740       2949        4.9   <- §1.4
  5     2757       5706        9.5   <- §1.4
  6     3940       9646       16.1   <- §1.4
  7     5274      14920       24.9
  8     6750      21670       36.1   <- §1.4
  9     8357      30027       50.0
 10    10090      40117       66.9   <- §1.4
 11    11943      52060       86.8
 12    13911      65971      110.0
 13    15989      81960      136.6
 14    18173     100133      166.9
 15    20461     120594      201.0   <- §1.4
 16    22849     143443      239.1
 17    25335     168778      281.3
 18    27915     196693      327.8
 19    30588     227281      378.8
 20    33352     260633      434.4   <- §1.4
